  1997.1693   8.470   1.668   6.208e-4   
  1831.1073   8.511   1.693   6.771e-4   
  1678.6390   8.472   1.774   7.386e-4   
  1538.8391   8.328   1.879   8.057e-4   
  1410.6755   8.147   1.889   8.789e-4   
  1293.1192   7.993   1.860   9.588e-4   
  1185.3180   7.878   1.815   1.046e-3   
  1086.6282   7.786   1.781   1.141e-3   
  996.65809   7.708   1.758   1.244e-3   
  912.99169   7.640   1.757   1.358e-3   
  837.16591   7.559   1.776   1.481e-3   
  767.70448   7.463   1.798   1.615e-3   
  703.65646   7.353   1.822   1.762e-3   
  645.07946   7.221   1.832   1.922e-3   
  591.24595   7.097   1.807   2.097e-3   
  542.12625   7.009   1.780   2.287e-3   
  496.93096   6.932   1.783   2.495e-3   
  455.65700   6.835   1.809   2.721e-3   
  417.59606   6.703   1.819   2.969e-3   
  382.90386   6.596   1.791   3.238e-3   
  294.98993   6.499   1.797   4.203e-3   
  321.78632   6.375   1.799   3.853e-3   
  294.98993   6.260   1.791   4.203e-3   
  270.41279   6.138   1.758   4.585e-3   
  247.86940   6.046   1.754   5.002e-3   
  227.24389   5.913   1.736   5.456e-3   
  208.30690   5.821   1.699   5.952e-3   
  190.98008   5.701   1.677   6.492e-3   
  175.06957   5.608   1.611   7.082e-3   
  160.49744   5.533   1.610   7.725e-3   
  147.12742   5.450   1.549   8.427e-3   
  134.88280   5.379   1.537   9.192e-3   
  123.61344   5.299   1.514   1.003e-2   
  113.33114   5.230   1.501   1.094e-2   
  103.92646   5.039   1.497   1.193e-2   
  95.226011   5.039   1.497   1.302e-2   
  87.312866   4.929   1.458   1.420e-2   
  80.041491   4.849   1.406   1.549e-2   
  73.406907   4.791   1.371   1.689e-2   
  67.273071   4.737   1.355   1.843e-2   
  61.683718   4.669   1.340   2.010e-2   
  56.536375   4.598   1.320   2.193e-2   
  51.832890   4.528   1.306   2.392e-2   
  47.521760   4.468   1.290   2.609e-2   
  43.564396   4.391   1.298   2.846e-2   
  39.930521   4.319   1.253   3.105e-2   
  36.605925   4.263   1.240   3.387e-2   
  33.563689   4.206   1.248   3.694e-2     
  30.765327   4.100   1.258   4.030e-2   
  28.203882   4.010   1.216   4.396e-2   
  25.856991   3.946   1.186   4.795e-2   
  23.701829   3.886   1.154   5.231e-2   
  21.728754   3.818   1.141   5.706e-2   
  19.920352   3.734   1.101   6.224e-2   
  18.259833   3.700   1.065   6.790e-2   
  16.738797   3.650   1.044   7.407e-2   
  15.346488   3.612   1.032   8.079e-2   
  14.068339   3.558   1.032   8.813e-2   
  12.896222   3.489   1.005   9.614e-2   
  11.819282   3.447   0.979   1.049e-1   
  10.837786   3.412   0.967   1.144e-1   
  9.9346373   3.373   0.979   1.248e-1   
  9.1097925   3.295   0.997   1.361e-1   
  8.3491094   3.205   0.976   1.485e-1   
  7.6533500   3.126   0.937   1.620e-1   
  7.0166538   3.070   0.884   1.767e-1   
  6.4340566   3.026   0.853   1.927e-1   
  5.8983951   3.000   0.804   2.102e-1   
  5.4070766   2.990   0.771   2.293e-1   
  4.9554064   2.973   0.774   2.502e-1   
  4.5432128   2.933   0.770   2.729e-1   
  4.1647388   2.891   0.760   2.977e-1   
  3.8184253   2.860   0.754   3.247e-1   
  3.5004028   2.817   0.754   3.542e-1   
  3.2087025   2.784   0.737   3.864e-1   
  2.9415011   2.754   0.732   4.215e-1   
  2.6964826   2.719   0.725   4.598e-1   
  2.4722685   2.685   0.720   5.015e-1   
  2.2662085   2.654   0.713   5.471e-1   
  2.0774843   2.616   0.714   5.968e-1   
  1.9045202   2.576   0.715   6.510e-1   
  1.7460114   2.541   0.710   7.101e-1     
  1.6006231   2.507   0.707   7.746e-1   
  1.4672694   2.477   0.705   8.450e-1   
  1.3451695   2.441   0.706   9.217e-1   
  1.2336743   2.412   0.707   1.005e+0   
  1.1302121   2.378   0.710   1.097e+0   
  1.0366578   2.349   0.716   1.196e+0   
 0.95007107   2.314   0.730   1.305e+0   
 0.87067604   2.271   0.737   1.424+e0   
 0.79835333   2.235   0.739   1.553e+0   
 0.73190242   2.203   0.751   1.694e+0   
 0.67091054   2.165   0.766   1.848e+0   
 0.61500133   2.123   0.782   2.016e+0   
 0.56382118   2.080   0.799   2.199e+0   
 0.51703199   2.033   0.818   2.398e+0   
 0.47394600   1.980   0.839   2.616e+0   
 0.43442280   1.919   0.860   2.854e+0   
 0.39827907   1.851   0.878   3.113e+0   
 0.36508914   1.776   0.891   3.396e+0   
 0.33464041   1.694   0.897   3.705e+0   
 0.30681582   1.607   0.894   4.041e+0   
 0.28127103   1.512   0.889   4.408e+0   
 0.25787077   1.392   0.854   4.808e+0   
 0.23638565   1.289   0.764   5.245e+0   
 0.21667995   1.235   0.654   5.722e+0   
 0.19866090   1.225   0.553   6.241e+0   
 0.18211555   1.256   0.463   6.808e+0   
 0.16693721   1.326   0.428   7.427e+0   
 0.15304811   1.371   0.450   8.101e+0   
 0.14030131   1.386   0.509   8.837e+0   
 0.12861438   1.351   0.560   9.640e+0   
 0.11785577   1.293   0.601   1.052e+1   
 0.10809439   1.214   0.622   1.147e+1   
0.099108128   1.127   0.617   1.251e+1   
0.090830970   1.040   0.586   1.365e+1   
0.083266801   0.969   0.530   1.489e+1   
0.076344995   0.921   0.466   1.624e+1   
0.069968552   0.888   0.403   1.772e+1   
0.064140854   0.868   0.341   1.933e+1   
0.058816068   0.861   0.283   2.108e+1   
0.053906204   0.861   0.232   2.300e+1   
0.049435515   0.866   0.186   2.508e+1   
0.045315887   0.874   0.144   2.736e+1   
0.041535768   0.892   0.100   2.985e+1   
0.040124360   0.910   0.081   3.090e+1   

